10,292
10,314
10,257
10,303
10,66
10,222
10,21
11,24
8,16
8,14
8,11
8,5
20,3
20,2
20,1
19,3
19,2
19,1
18,3
18,1
14,3
14,1
13,3
13,1
12,3
12,2
12,1
11,30
11,29
11,28
11,27
11,26
11,25
11,23
11,22
11,21
11,20
11,19
11,18
11,17
11,16
11,15
11,14
11,13
11,12
11,11
11,10
11,9
11,8
11,7
11,6
11,5
11,4
11,3
11,2
11,1
10,313
10,308
10,280
10,266
10,251
10,220
10,204
10,162
10,155
10,131
10,115
10,113
10,106
10,88
10,30
10,7
10,3
10,2
10,1
9,7
9,6
9,4
9,3
9,2
9,1
8,17
8,15
8,13
8,12
8,10
8,9
8,8
8,7
8,6
8,4
8,3
8,2
8,1
3,3
3,2
3,1
2,3
2,2
2,1
0,386
0,278
